0 57.000000 29031.000000
1 48.000000 29384.000000
2 59.000000 28301.000000
3 52.000000 25861.000000
4 60.000000 26703.000000
5 45.000000 27408.000000
6 45.000000 27809.000000
7 50.000000 29639.000000
8 57.000000 26493.000000
9 50.000000 23172.000000
10 51.000000 28438.000000
11 54.000000 24394.000000
12 54.000000 25683.000000
13 52.000000 29195.000000
14 56.000000 24315.000000
15 47.000000 20987.000000
16 50.000000 26670.000000
17 55.000000 29045.000000
18 51.000000 27997.000000
19 50.000000 22262.000000
20 60.000000 24055.000000
21 45.000000 23957.000000
22 58.000000 25577.000000
23 55.000000 22009.000000
24 48.000000 27437.000000
25 53.000000 26772.000000
26 45.000000 24497.000000
27 55.000000 21766.000000
28 55.000000 24203.000000
29 52.000000 24903.000000
30 48.000000 20012.000000
31 53.000000 28880.000000
32 60.000000 21584.000000
33 52.000000 28233.000000
34 48.000000 20551.000000
35 47.000000 28026.000000
36 60.000000 24682.000000
37 51.000000 22363.000000
38 57.000000 24988.000000
39 45.000000 20675.000000
40 56.000000 26034.000000
41 59.000000 24033.000000
42 47.000000 25525.000000
43 52.000000 20731.000000
44 48.000000 28687.000000
45 59.000000 26453.000000
46 60.000000 29201.000000
47 59.000000 23675.000000
48 54.000000 22563.000000
49 59.000000 27839.000000
50 54.000000 20098.000000
51 58.000000 20313.000000
52 59.000000 23446.000000
53 45.000000 23571.000000
54 56.000000 25970.000000
55 46.000000 28450.000000
56 49.000000 27562.000000
57 59.000000 26212.000000
58 59.000000 23464.000000
59 49.000000 20321.000000
60 47.000000 25590.000000
61 54.000000 29472.000000
62 53.000000 23214.000000
63 51.000000 24847.000000
64 57.000000 29066.000000
65 46.000000 23673.000000
66 56.000000 22190.000000
67 59.000000 25808.000000
68 57.000000 26425.000000
69 48.000000 20179.000000
70 55.000000 24442.000000
71 57.000000 25011.000000
72 52.000000 22859.000000
73 56.000000 20184.000000
74 60.000000 20797.000000
75 52.000000 21820.000000
76 59.000000 25363.000000
77 59.000000 28091.000000
78 47.000000 21174.000000
79 56.000000 29402.000000
80 60.000000 21189.000000
81 45.000000 23309.000000
82 45.000000 24467.000000
83 46.000000 23077.000000
84 52.000000 24948.000000
85 45.000000 21041.000000
86 48.000000 28051.000000
87 50.000000 29714.000000
88 46.000000 28365.000000
89 57.000000 20587.000000
90 45.000000 28210.000000
91 52.000000 23135.000000
92 59.000000 28109.000000
93 51.000000 21455.000000
94 59.000000 26533.000000
95 55.000000 27948.000000
96 49.000000 24418.000000
97 46.000000 25462.000000
98 53.000000 28032.000000
99 54.000000 26829.000000
100 59.000000 27759.000000
101 59.000000 29132.000000
102 46.000000 28064.000000
103 45.000000 22650.000000
104 56.000000 27030.000000
105 51.000000 28168.000000
106 50.000000 23444.000000
107 57.000000 23283.000000
108 52.000000 24863.000000
109 56.000000 26803.000000
110 48.000000 26444.000000
111 46.000000 29130.000000
112 58.000000 23215.000000
113 57.000000 28412.000000
114 54.000000 20629.000000
115 56.000000 21251.000000
116 50.000000 24272.000000
117 52.000000 28657.000000
118 50.000000 23223.000000
119 52.000000 21083.000000
120 60.000000 25543.000000
121 57.000000 29711.000000
122 48.000000 20606.000000
123 49.000000 26769.000000
124 49.000000 27366.000000
125 57.000000 22366.000000
126 51.000000 28442.000000
127 55.000000 27931.000000
128 45.000000 23661.000000
129 51.000000 23538.000000
130 45.000000 24293.000000
131 56.000000 23471.000000
132 56.000000 21771.000000
133 50.000000 27719.000000
134 57.000000 23499.000000
135 56.000000 26961.000000
136 60.000000 29528.000000
137 55.000000 24560.000000
138 59.000000 20060.000000
139 59.000000 22506.000000
140 54.000000 20856.000000
141 45.000000 21576.000000
142 51.000000 26699.000000
143 59.000000 28693.000000
144 54.000000 24681.000000
145 50.000000 26300.000000
146 53.000000 23511.000000
147 46.000000 29508.000000
148 53.000000 28503.000000
149 50.000000 20102.000000
150 56.000000 21303.000000
151 56.000000 28632.000000
152 58.000000 24020.000000
153 59.000000 23813.000000
154 51.000000 21351.000000
155 60.000000 27387.000000
156 52.000000 28078.000000
157 52.000000 25062.000000
158 45.000000 21616.000000
159 58.000000 24621.000000
160 55.000000 25976.000000
161 50.000000 23160.000000
162 57.000000 29752.000000
163 56.000000 28488.000000
164 55.000000 21314.000000
165 55.000000 26261.000000
166 45.000000 25258.000000
167 46.000000 21554.000000
168 55.000000 24082.000000
169 46.000000 27168.000000
170 49.000000 23581.000000
171 54.000000 22060.000000
172 50.000000 29143.000000
173 59.000000 21349.000000
174 50.000000 25439.000000
175 47.000000 24785.000000
176 52.000000 21267.000000
177 51.000000 20294.000000
178 53.000000 25337.000000
179 45.000000 20964.000000
180 49.000000 25957.000000
181 57.000000 22372.000000
182 51.000000 26278.000000
183 60.000000 27599.000000
184 49.000000 20509.000000
185 60.000000 23349.000000
186 56.000000 29368.000000
187 51.000000 27488.000000
188 51.000000 20192.000000
189 49.000000 25971.000000
190 46.000000 27498.000000
191 59.000000 22794.000000
192 55.000000 25799.000000
193 60.000000 24330.000000
194 51.000000 21736.000000
195 50.000000 24490.000000
196 46.000000 28593.000000
197 55.000000 26353.000000
198 46.000000 29992.000000
199 48.000000 20950.000000
200 46.000000 23243.000000
201 52.000000 26630.000000
202 59.000000 26219.000000
203 55.000000 28105.000000
204 45.000000 23069.000000
205 56.000000 28492.000000
206 55.000000 22913.000000
207 45.000000 23288.000000
208 56.000000 20601.000000
209 46.000000 20492.000000
210 52.000000 21326.000000
211 48.000000 27192.000000
212 51.000000 28427.000000
213 56.000000 24008.000000
214 50.000000 26120.000000
215 58.000000 22910.000000
216 54.000000 26291.000000
217 46.000000 24531.000000
218 59.000000 29364.000000
219 49.000000 27113.000000
220 51.000000 29937.000000
221 49.000000 22617.000000
222 46.000000 26786.000000
223 46.000000 20172.000000
224 60.000000 28492.000000
225 52.000000 26714.000000
226 48.000000 29917.000000
227 59.000000 23047.000000
228 59.000000 20187.000000
229 49.000000 23530.000000
230 54.000000 28688.000000
231 60.000000 28157.000000
232 45.000000 20316.000000
233 50.000000 27215.000000
234 52.000000 24768.000000
235 58.000000 20670.000000
236 60.000000 28881.000000
237 48.000000 29359.000000
238 55.000000 20042.000000
239 46.000000 20714.000000
240 60.000000 26040.000000
241 46.000000 29909.000000
242 57.000000 23671.000000
243 49.000000 26408.000000
244 46.000000 20370.000000
245 54.000000 27835.000000
246 60.000000 23605.000000
247 57.000000 29150.000000
248 49.000000 26545.000000
249 48.000000 22640.000000
250 49.000000 25166.000000
251 54.000000 27634.000000
252 57.000000 22725.000000
253 58.000000 26933.000000
254 46.000000 23948.000000
255 49.000000 22035.000000
256 54.000000 24305.000000
257 59.000000 29040.000000
258 56.000000 20490.000000
259 56.000000 27932.000000
260 50.000000 25500.000000
261 46.000000 28063.000000
262 48.000000 20676.000000
263 58.000000 20257.000000
264 56.000000 29575.000000
265 59.000000 22608.000000
266 49.000000 24402.000000
267 49.000000 24659.000000
268 50.000000 28741.000000
269 55.000000 29561.000000
270 53.000000 20555.000000
271 45.000000 22429.000000
272 54.000000 28042.000000
273 56.000000 24370.000000
274 54.000000 27344.000000
275 50.000000 28066.000000
276 48.000000 24691.000000
277 60.000000 20888.000000
278 49.000000 20164.000000
279 46.000000 26435.000000
280 60.000000 27017.000000
281 45.000000 22496.000000
282 49.000000 21804.000000
283 53.000000 25286.000000
284 45.000000 22292.000000
285 58.000000 20892.000000
286 57.000000 25620.000000
287 53.000000 22259.000000
288 48.000000 26279.000000
289 53.000000 21204.000000
290 58.000000 24988.000000
291 60.000000 21577.000000
292 45.000000 27913.000000
293 47.000000 25581.000000
294 47.000000 20830.000000
295 52.000000 29800.000000
296 59.000000 25994.000000
297 45.000000 23899.000000
298 58.000000 21307.000000
299 55.000000 24560.000000
300 56.000000 27540.000000
301 45.000000 25771.000000
302 45.000000 28467.000000
303 55.000000 23400.000000
304 59.000000 20382.000000
305 45.000000 23770.000000
306 57.000000 25231.000000
307 46.000000 27597.000000
308 59.000000 26566.000000
309 49.000000 20459.000000
310 54.000000 26291.000000
311 46.000000 23077.000000
312 51.000000 20351.000000
313 45.000000 22805.000000
314 51.000000 22300.000000
315 53.000000 24662.000000
316 48.000000 25074.000000
317 45.000000 22271.000000
318 60.000000 20513.000000
319 47.000000 25632.000000
320 52.000000 25150.000000
321 47.000000 27554.000000
322 53.000000 24339.000000
323 54.000000 24298.000000
324 55.000000 20220.000000
325 46.000000 27430.000000
326 52.000000 22068.000000
327 51.000000 27766.000000
328 57.000000 23956.000000
329 55.000000 23255.000000
330 57.000000 26461.000000
331 45.000000 24417.000000
332 46.000000 27884.000000
333 60.000000 29863.000000
334 54.000000 22217.000000
335 50.000000 21016.000000
336 46.000000 27508.000000
337 55.000000 28260.000000
338 54.000000 22442.000000
339 54.000000 22103.000000
340 46.000000 23042.000000
341 46.000000 29303.000000
342 53.000000 26153.000000
343 49.000000 29469.000000
344 52.000000 24728.000000
345 59.000000 21755.000000
346 46.000000 27443.000000
347 55.000000 20974.000000
348 52.000000 29012.000000
349 58.000000 26253.000000
350 51.000000 26343.000000
351 56.000000 28666.000000
352 51.000000 27610.000000
353 54.000000 28151.000000
354 58.000000 22024.000000
355 55.000000 22195.000000
356 58.000000 25781.000000
357 49.000000 27065.000000
358 52.000000 20801.000000
359 53.000000 24393.000000
360 48.000000 21794.000000
361 53.000000 24428.000000
362 55.000000 22927.000000
363 56.000000 25567.000000
364 59.000000 21840.000000
365 52.000000 26341.000000
366 52.000000 21579.000000
367 48.000000 20438.000000
368 57.000000 21874.000000
369 60.000000 22126.000000
370 46.000000 29330.000000
371 58.000000 29441.000000
372 57.000000 20342.000000
373 50.000000 28015.000000
374 45.000000 28129.000000
375 54.000000 21336.000000
376 54.000000 29167.000000
377 51.000000 25798.000000
378 45.000000 27888.000000
379 45.000000 27380.000000
380 59.000000 24004.000000
381 46.000000 20665.000000
382 46.000000 28961.000000
383 52.000000 21496.000000
384 50.000000 22669.000000
385 47.000000 29945.000000
386 51.000000 25064.000000
387 47.000000 22895.000000
388 48.000000 24049.000000
389 45.000000 26308.000000
390 52.000000 24814.000000
391 58.000000 21568.000000
392 48.000000 21668.000000
393 51.000000 27992.000000
394 56.000000 25381.000000
395 52.000000 25036.000000
396 45.000000 21531.000000
397 56.000000 27195.000000
398 58.000000 20323.000000
399 59.000000 20129.000000
400 56.000000 27137.000000
401 57.000000 27372.000000
402 51.000000 20906.000000
403 47.000000 20822.000000
404 51.000000 29313.000000
405 53.000000 26945.000000
406 53.000000 28105.000000
407 57.000000 25220.000000
408 57.000000 27624.000000
409 59.000000 25018.000000
410 48.000000 20572.000000
411 55.000000 29179.000000
412 54.000000 26476.000000
413 48.000000 23017.000000
414 52.000000 28882.000000
415 57.000000 23478.000000
416 57.000000 23496.000000
417 49.000000 28287.000000
418 54.000000 22087.000000
419 59.000000 26007.000000
420 54.000000 29596.000000
421 54.000000 23180.000000
422 55.000000 20708.000000
423 57.000000 24902.000000
424 55.000000 21178.000000
425 47.000000 25429.000000
426 49.000000 28716.000000
427 55.000000 26584.000000
428 56.000000 20928.000000
429 59.000000 24658.000000
430 51.000000 28185.000000
431 55.000000 20734.000000
432 60.000000 26991.000000
433 52.000000 23747.000000
434 50.000000 26739.000000
435 56.000000 22766.000000
436 53.000000 22165.000000
437 46.000000 21970.000000
438 60.000000 27675.000000
439 51.000000 23900.000000
440 47.000000 24376.000000
441 50.000000 21510.000000
442 56.000000 24053.000000
443 47.000000 26864.000000
444 51.000000 23884.000000
445 49.000000 21545.000000
446 48.000000 20873.000000
447 52.000000 22827.000000
448 55.000000 22489.000000
449 51.000000 28930.000000
450 51.000000 26508.000000
451 50.000000 28837.000000
452 55.000000 29767.000000
453 55.000000 24450.000000
454 51.000000 22974.000000
455 52.000000 26044.000000
456 58.000000 28293.000000
457 54.000000 23956.000000
458 52.000000 29103.000000
459 60.000000 23638.000000
460 54.000000 28189.000000
461 49.000000 25339.000000
462 46.000000 27601.000000
463 46.000000 20693.000000
464 59.000000 28890.000000
465 47.000000 26784.000000
466 48.000000 22644.000000
467 49.000000 28541.000000
468 56.000000 26276.000000
469 56.000000 29765.000000
470 59.000000 26830.000000
471 45.000000 20055.000000
472 51.000000 29613.000000
473 48.000000 25067.000000
474 49.000000 20687.000000
475 51.000000 25604.000000
476 56.000000 22759.000000
477 53.000000 26389.000000
478 54.000000 26600.000000
479 50.000000 23747.000000
480 48.000000 21951.000000
481 54.000000 24889.000000
482 49.000000 28348.000000
483 52.000000 20633.000000
484 55.000000 24881.000000
485 56.000000 25171.000000
486 50.000000 24239.000000
487 55.000000 29320.000000
488 47.000000 28897.000000
489 55.000000 21715.000000
490 57.000000 29826.000000
491 60.000000 22027.000000
492 58.000000 21760.000000
493 54.000000 22329.000000
494 45.000000 20425.000000
495 47.000000 28064.000000
496 55.000000 23860.000000
497 51.000000 25554.000000
498 49.000000 28030.000000
499 59.000000 21924.000000
500 49.000000 26739.000000
501 47.000000 26142.000000
502 56.000000 28133.000000
503 46.000000 28594.000000
504 47.000000 27771.000000
505 56.000000 23616.000000
506 47.000000 27682.000000
507 58.000000 22508.000000
508 57.000000 26765.000000
509 51.000000 27353.000000
510 55.000000 26522.000000
511 59.000000 23427.000000
512 60.000000 21050.000000
513 53.000000 20453.000000
514 51.000000 23586.000000
515 59.000000 20988.000000
516 48.000000 24482.000000
517 48.000000 27748.000000
518 55.000000 29137.000000
519 47.000000 24692.000000
520 56.000000 21707.000000
521 52.000000 25129.000000
522 57.000000 26405.000000
523 59.000000 20959.000000
524 55.000000 26958.000000
525 58.000000 27501.000000
526 51.000000 22161.000000
527 60.000000 29660.000000
528 54.000000 24688.000000
529 56.000000 24503.000000
530 55.000000 25726.000000
531 60.000000 25702.000000
532 53.000000 22233.000000
533 57.000000 25298.000000
534 59.000000 29593.000000
535 50.000000 22169.000000
536 60.000000 24970.000000
537 50.000000 20269.000000
538 53.000000 23642.000000
539 52.000000 22797.000000
540 51.000000 23302.000000
541 51.000000 21942.000000
542 54.000000 24376.000000
543 58.000000 26991.000000
544 45.000000 26596.000000
545 50.000000 24248.000000
546 55.000000 24955.000000
547 48.000000 28581.000000
548 50.000000 22939.000000
549 59.000000 28355.000000
550 59.000000 21982.000000
551 47.000000 25424.000000
552 55.000000 21798.000000
553 49.000000 23968.000000
554 49.000000 29166.000000
555 46.000000 27316.000000
556 48.000000 20835.000000
557 59.000000 21559.000000
558 46.000000 26873.000000
559 53.000000 20544.000000
560 49.000000 26038.000000
561 56.000000 20341.000000
562 47.000000 22618.000000
563 45.000000 22236.000000
564 57.000000 20061.000000
565 49.000000 21242.000000
566 53.000000 26879.000000
567 57.000000 24989.000000
568 58.000000 29311.000000
569 56.000000 22819.000000
570 56.000000 21923.000000
571 45.000000 29225.000000
572 49.000000 26465.000000
573 57.000000 20289.000000
574 49.000000 20283.000000
575 51.000000 26873.000000
576 47.000000 25891.000000
577 54.000000 29402.000000
578 60.000000 29210.000000
579 51.000000 23496.000000
580 59.000000 20353.000000
581 47.000000 20948.000000
582 53.000000 27758.000000
583 54.000000 26309.000000
584 48.000000 23388.000000
585 57.000000 23251.000000
586 50.000000 21868.000000
587 48.000000 24424.000000
588 60.000000 27516.000000
589 46.000000 20645.000000
590 57.000000 28743.000000
591 51.000000 28148.000000
592 50.000000 22549.000000
593 60.000000 26097.000000
594 45.000000 20963.000000
595 54.000000 20468.000000
596 57.000000 25873.000000
597 54.000000 28051.000000
598 48.000000 24464.000000
599 56.000000 24152.000000
600 54.000000 22378.000000
601 47.000000 21214.000000
602 45.000000 25267.000000
603 53.000000 27118.000000
604 58.000000 26667.000000
605 47.000000 29767.000000
606 46.000000 24917.000000
607 55.000000 22704.000000
608 45.000000 23502.000000
609 60.000000 20458.000000
610 57.000000 28672.000000
611 58.000000 25210.000000
612 55.000000 22721.000000
613 52.000000 28368.000000
614 49.000000 24130.000000
615 46.000000 26896.000000
616 60.000000 24950.000000
617 52.000000 22571.000000
618 56.000000 29983.000000
619 52.000000 25679.000000
620 50.000000 27628.000000
621 60.000000 21848.000000
622 47.000000 29098.000000
623 57.000000 28255.000000
624 56.000000 23486.000000
625 48.000000 23836.000000
626 53.000000 24614.000000
627 54.000000 27241.000000
628 45.000000 29712.000000
629 49.000000 26287.000000
630 45.000000 25238.000000
631 58.000000 23915.000000
632 46.000000 29870.000000
633 51.000000 20603.000000
634 48.000000 26984.000000
635 46.000000 23741.000000
636 48.000000 26216.000000
637 45.000000 22011.000000
638 48.000000 21793.000000
639 53.000000 24559.000000
640 53.000000 28257.000000
641 45.000000 28795.000000
642 57.000000 21948.000000
643 52.000000 26431.000000
644 54.000000 25324.000000
645 50.000000 28427.000000
646 55.000000 21528.000000
647 51.000000 25241.000000
648 50.000000 21196.000000
649 54.000000 28310.000000
650 60.000000 25983.000000
651 59.000000 25286.000000
652 49.000000 22812.000000
653 51.000000 27159.000000
654 52.000000 24625.000000
655 50.000000 26040.000000
656 58.000000 21876.000000
657 60.000000 29702.000000
658 59.000000 21914.000000
659 58.000000 22670.000000
660 46.000000 28278.000000
661 50.000000 22666.000000
662 50.000000 21136.000000
663 50.000000 25885.000000
664 50.000000 23908.000000
665 45.000000 22453.000000
666 52.000000 20835.000000
667 51.000000 29036.000000
668 50.000000 22783.000000
669 54.000000 29842.000000
670 56.000000 28623.000000
671 45.000000 23095.000000
672 52.000000 29818.000000
673 58.000000 20740.000000
674 52.000000 23353.000000
675 52.000000 27055.000000
676 53.000000 28561.000000
677 59.000000 27601.000000
678 49.000000 26960.000000
679 54.000000 24259.000000
680 60.000000 24422.000000
681 55.000000 22107.000000
682 52.000000 26708.000000
683 59.000000 22633.000000
684 55.000000 24778.000000
685 51.000000 28105.000000
686 52.000000 21738.000000
687 52.000000 27927.000000
688 59.000000 20261.000000
689 59.000000 29449.000000
690 54.000000 26792.000000
691 47.000000 22209.000000
692 53.000000 20625.000000
693 52.000000 21215.000000
694 53.000000 25170.000000
695 56.000000 25154.000000
696 58.000000 22688.000000
697 54.000000 23881.000000
698 50.000000 21046.000000
699 50.000000 22186.000000
700 48.000000 29689.000000
701 48.000000 20563.000000
702 58.000000 25693.000000
703 56.000000 21361.000000
704 49.000000 22196.000000
705 47.000000 21394.000000
706 52.000000 20504.000000
707 55.000000 26499.000000
708 56.000000 25853.000000
709 50.000000 22440.000000
710 45.000000 21992.000000
711 49.000000 24804.000000
712 54.000000 22560.000000
713 51.000000 23743.000000
714 54.000000 25636.000000
715 45.000000 27359.000000
716 50.000000 23470.000000
717 50.000000 27061.000000
718 45.000000 25574.000000
719 46.000000 29472.000000
720 54.000000 21416.000000
721 53.000000 24790.000000
722 56.000000 21590.000000
723 50.000000 28731.000000
724 49.000000 21304.000000
725 55.000000 22665.000000
726 56.000000 24199.000000
727 46.000000 26375.000000
728 45.000000 21994.000000
729 47.000000 27517.000000
730 50.000000 20677.000000
731 46.000000 25760.000000
732 50.000000 23201.000000
733 48.000000 24923.000000
734 57.000000 29207.000000
735 49.000000 26045.000000
736 56.000000 22229.000000
737 60.000000 20569.000000
738 46.000000 20468.000000
739 47.000000 26857.000000
740 49.000000 27024.000000
741 46.000000 23530.000000
742 59.000000 20294.000000
743 47.000000 23699.000000
744 48.000000 23369.000000
745 60.000000 23392.000000
746 50.000000 24700.000000
747 56.000000 23153.000000
748 55.000000 21988.000000
749 53.000000 26081.000000
750 52.000000 22379.000000
751 58.000000 21433.000000
752 53.000000 26779.000000
753 53.000000 22648.000000
754 54.000000 25272.000000
755 57.000000 28497.000000
756 45.000000 28429.000000
757 46.000000 29377.000000
758 49.000000 27710.000000
759 54.000000 21039.000000
760 50.000000 21412.000000
761 60.000000 28567.000000
762 46.000000 27919.000000
763 53.000000 28232.000000
764 45.000000 29274.000000
765 60.000000 27676.000000
766 48.000000 24860.000000
767 51.000000 24692.000000
768 47.000000 28437.000000
769 48.000000 23965.000000
770 59.000000 24830.000000
771 53.000000 26919.000000
772 59.000000 25756.000000
773 50.000000 28749.000000
774 45.000000 26287.000000
775 60.000000 25219.000000
776 56.000000 28697.000000
777 53.000000 20792.000000
778 54.000000 26037.000000
779 46.000000 21004.000000
780 45.000000 24848.000000
781 59.000000 28639.000000
782 59.000000 28787.000000
783 60.000000 25064.000000
784 60.000000 20440.000000
785 54.000000 27136.000000
786 55.000000 24982.000000
787 49.000000 21250.000000
788 47.000000 23075.000000
789 58.000000 21380.000000
790 46.000000 24921.000000
791 55.000000 22013.000000
792 51.000000 23573.000000
793 50.000000 25338.000000
794 51.000000 21223.000000
795 54.000000 27804.000000
796 52.000000 21473.000000
797 60.000000 29040.000000
798 56.000000 20130.000000
799 48.000000 25039.000000
800 45.000000 25433.000000
801 45.000000 29647.000000
802 59.000000 23732.000000
803 51.000000 26271.000000
804 52.000000 21834.000000
805 55.000000 20259.000000
806 53.000000 23678.000000
807 49.000000 20887.000000
808 57.000000 22393.000000
809 55.000000 21821.000000
810 57.000000 20667.000000
811 57.000000 22216.000000
812 57.000000 23843.000000
813 48.000000 25887.000000
814 47.000000 21623.000000
815 53.000000 29187.000000
816 56.000000 27521.000000
817 51.000000 28048.000000
818 49.000000 28855.000000
819 49.000000 24519.000000
820 50.000000 26590.000000
821 50.000000 26401.000000
822 50.000000 29968.000000
823 56.000000 25672.000000
824 52.000000 20960.000000
825 48.000000 28887.000000
826 53.000000 27379.000000
827 58.000000 23659.000000
828 47.000000 20927.000000
829 54.000000 28717.000000
830 55.000000 25830.000000
831 52.000000 28390.000000
832 53.000000 20503.000000
833 52.000000 24226.000000
834 54.000000 25933.000000
835 48.000000 23306.000000
836 50.000000 21878.000000
837 47.000000 24373.000000
838 53.000000 27903.000000
839 46.000000 26855.000000
840 52.000000 28436.000000
841 50.000000 26883.000000
842 46.000000 24480.000000
843 48.000000 29876.000000
844 51.000000 20577.000000
845 47.000000 29500.000000
846 58.000000 23132.000000
847 58.000000 27330.000000
848 55.000000 24037.000000
849 45.000000 23116.000000
850 52.000000 25835.000000
851 57.000000 29765.000000
852 45.000000 22571.000000
853 60.000000 21886.000000
854 49.000000 20438.000000
855 51.000000 20463.000000
856 46.000000 22265.000000
857 54.000000 28548.000000
858 60.000000 28732.000000
859 55.000000 28348.000000
860 54.000000 27268.000000
861 55.000000 25994.000000
862 46.000000 25261.000000
863 46.000000 29904.000000
864 55.000000 23132.000000
865 60.000000 24137.000000
866 54.000000 26618.000000
867 58.000000 27258.000000
868 45.000000 22369.000000
869 58.000000 23233.000000
870 48.000000 28536.000000
871 57.000000 27964.000000
872 58.000000 22891.000000
873 51.000000 24505.000000
874 59.000000 24553.000000
875 51.000000 25421.000000
876 59.000000 20518.000000
877 57.000000 28136.000000
878 55.000000 27384.000000
879 59.000000 22301.000000
880 49.000000 26611.000000
881 54.000000 20629.000000
882 60.000000 25557.000000
883 56.000000 29702.000000
884 58.000000 20846.000000
885 46.000000 29637.000000
886 53.000000 22162.000000
887 58.000000 22671.000000
888 59.000000 23691.000000
889 46.000000 24264.000000
890 53.000000 23480.000000
891 59.000000 20453.000000
892 53.000000 26444.000000
893 58.000000 29306.000000
894 45.000000 28751.000000
895 45.000000 27080.000000
896 58.000000 25185.000000
897 47.000000 20397.000000
898 59.000000 29579.000000
899 56.000000 27770.000000
900 46.000000 21537.000000
901 54.000000 21227.000000
902 56.000000 25489.000000
903 52.000000 26075.000000
904 57.000000 20863.000000
905 51.000000 20411.000000
906 53.000000 26934.000000
907 51.000000 23991.000000
908 46.000000 29637.000000
909 57.000000 27022.000000
910 51.000000 20222.000000
911 58.000000 28120.000000
912 53.000000 23262.000000
913 56.000000 29135.000000
914 47.000000 25788.000000
915 52.000000 21945.000000
916 45.000000 25588.000000
917 52.000000 24850.000000
918 58.000000 25963.000000
919 53.000000 27692.000000
920 46.000000 21786.000000
921 58.000000 20818.000000
922 51.000000 27771.000000
923 48.000000 21728.000000
924 50.000000 25648.000000
925 60.000000 25071.000000
926 49.000000 23195.000000
927 48.000000 21167.000000
928 46.000000 28131.000000
929 48.000000 27358.000000
930 53.000000 27959.000000
931 59.000000 23085.000000
932 56.000000 25747.000000
933 48.000000 29322.000000
934 48.000000 23493.000000
935 50.000000 28137.000000
936 48.000000 28155.000000
937 60.000000 20597.000000
938 49.000000 20225.000000
939 59.000000 22483.000000
940 59.000000 21206.000000
941 54.000000 28874.000000
942 58.000000 21558.000000
943 46.000000 27202.000000
944 47.000000 26948.000000
945 54.000000 29240.000000
946 56.000000 26592.000000
947 54.000000 24243.000000
948 56.000000 28580.000000
949 45.000000 21397.000000
950 56.000000 20858.000000
951 45.000000 24435.000000
952 58.000000 21562.000000
953 48.000000 21944.000000
954 51.000000 26907.000000
955 49.000000 27720.000000
956 55.000000 26022.000000
957 55.000000 23116.000000
958 54.000000 27060.000000
959 58.000000 23785.000000
960 45.000000 21317.000000
961 50.000000 27927.000000
962 45.000000 29776.000000
963 51.000000 27415.000000
964 57.000000 23856.000000
965 56.000000 25204.000000
966 49.000000 20915.000000
967 51.000000 20977.000000
968 49.000000 26197.000000
969 51.000000 21085.000000
970 56.000000 22094.000000
971 50.000000 26720.000000
972 51.000000 21832.000000
973 57.000000 20204.000000
974 55.000000 28830.000000
975 53.000000 21782.000000
976 54.000000 21761.000000
977 57.000000 21296.000000
978 50.000000 27463.000000
979 45.000000 29673.000000
980 53.000000 22773.000000
981 51.000000 23226.000000
982 60.000000 20497.000000
983 50.000000 29050.000000
984 53.000000 29993.000000
985 56.000000 24072.000000
986 51.000000 21634.000000
987 56.000000 23015.000000
988 60.000000 22979.000000
989 45.000000 21556.000000
990 58.000000 22675.000000
991 53.000000 28122.000000
992 45.000000 20732.000000
993 48.000000 23329.000000
994 58.000000 23940.000000
995 45.000000 27177.000000
996 46.000000 29911.000000
997 45.000000 23368.000000
998 49.000000 29245.000000
999 53.000000 29485.000000