0 112.000000 151773.000000
1 101.000000 157984.000000
2 108.000000 192376.000000
3 91.000000 183293.000000
4 94.000000 155767.000000
5 87.000000 190243.000000
6 101.000000 183436.000000
7 85.000000 177369.000000
8 113.000000 151057.000000
9 92.000000 197840.000000
10 95.000000 183557.000000
11 88.000000 187232.000000
12 80.000000 174135.000000
13 111.000000 163784.000000
14 116.000000 195727.000000
15 105.000000 164218.000000
16 118.000000 161672.000000
17 89.000000 151764.000000
18 115.000000 189922.000000
19 107.000000 190943.000000
20 96.000000 199791.000000
21 95.000000 166415.000000
22 115.000000 174567.000000
23 88.000000 196348.000000
24 106.000000 199706.000000
25 118.000000 185658.000000
26 106.000000 199909.000000
27 120.000000 177649.000000
28 91.000000 157070.000000
29 120.000000 163621.000000
30 81.000000 189610.000000
31 117.000000 160174.000000
32 89.000000 179763.000000
33 91.000000 171423.000000
34 84.000000 169544.000000
35 94.000000 199228.000000
36 102.000000 164274.000000
37 120.000000 182343.000000
38 98.000000 181827.000000
39 87.000000 180774.000000
40 102.000000 189160.000000
41 83.000000 166021.000000
42 89.000000 198941.000000
43 91.000000 150749.000000
44 115.000000 182336.000000
45 95.000000 183923.000000
46 97.000000 177289.000000
47 116.000000 172359.000000
48 114.000000 157964.000000
49 82.000000 154678.000000
50 90.000000 171050.000000
51 114.000000 152917.000000
52 95.000000 180018.000000
53 106.000000 169556.000000
54 82.000000 153488.000000
55 100.000000 194697.000000
56 86.000000 163648.000000
57 89.000000 157120.000000
58 88.000000 183349.000000
59 102.000000 175938.000000
60 102.000000 199048.000000
61 84.000000 163611.000000
62 99.000000 163442.000000
63 88.000000 192617.000000
64 85.000000 150330.000000
65 92.000000 153907.000000
66 93.000000 172257.000000
67 87.000000 174956.000000
68 98.000000 151495.000000
69 85.000000 170142.000000
70 86.000000 182948.000000
71 82.000000 190256.000000
72 114.000000 169853.000000
73 116.000000 182911.000000
74 92.000000 186107.000000
75 115.000000 194268.000000
76 105.000000 179397.000000
77 119.000000 155706.000000
78 87.000000 165328.000000
79 93.000000 182665.000000
80 93.000000 153881.000000
81 112.000000 157058.000000
82 87.000000 168153.000000
83 88.000000 169129.000000
84 114.000000 177803.000000
85 101.000000 189992.000000
86 86.000000 188447.000000
87 115.000000 150408.000000
88 94.000000 174396.000000
89 111.000000 162689.000000
90 98.000000 167418.000000
91 90.000000 157240.000000
92 119.000000 167293.000000
93 109.000000 182471.000000
94 113.000000 196171.000000
95 91.000000 183198.000000
96 114.000000 195615.000000
97 82.000000 171290.000000
98 115.000000 175732.000000
99 104.000000 184219.000000
100 111.000000 170817.000000
101 106.000000 172549.000000
102 113.000000 184159.000000
103 117.000000 171463.000000
104 120.000000 188352.000000
105 88.000000 165759.000000
106 115.000000 193034.000000
107 83.000000 172801.000000
108 93.000000 196768.000000
109 91.000000 175224.000000
110 92.000000 170690.000000
111 81.000000 150749.000000
112 96.000000 190618.000000
113 105.000000 154832.000000
114 87.000000 193824.000000
115 109.000000 166663.000000
116 91.000000 181874.000000
117 98.000000 150043.000000
118 103.000000 150295.000000
119 107.000000 183402.000000
120 87.000000 159013.000000
121 98.000000 164826.000000
122 88.000000 193851.000000
123 99.000000 174693.000000
124 84.000000 186307.000000
125 99.000000 157988.000000
126 94.000000 158002.000000
127 86.000000 160202.000000
128 114.000000 198722.000000
129 90.000000 179281.000000
130 113.000000 187512.000000
131 85.000000 152484.000000
132 114.000000 165033.000000
133 108.000000 189063.000000
134 119.000000 184205.000000
135 86.000000 174217.000000
136 97.000000 162486.000000
137 102.000000 166569.000000
138 108.000000 177010.000000
139 84.000000 191316.000000
140 89.000000 169901.000000
141 90.000000 173132.000000
142 103.000000 191517.000000
143 105.000000 184885.000000
144 120.000000 173299.000000
145 82.000000 199663.000000
146 89.000000 195408.000000
147 114.000000 166066.000000
148 108.000000 182124.000000
149 92.000000 188998.000000
150 109.000000 160775.000000
151 108.000000 177553.000000
152 95.000000 178360.000000
153 100.000000 180935.000000
154 97.000000 160855.000000
155 101.000000 167010.000000
156 113.000000 153075.000000
157 81.000000 162778.000000
158 91.000000 181121.000000
159 90.000000 156868.000000
160 89.000000 172595.000000
161 89.000000 167916.000000
162 106.000000 176824.000000
163 89.000000 193384.000000
164 87.000000 165863.000000
165 97.000000 194803.000000
166 101.000000 155068.000000
167 106.000000 163269.000000
168 95.000000 171796.000000
169 120.000000 169127.000000
170 80.000000 183937.000000
171 98.000000 189931.000000
172 120.000000 153410.000000
173 106.000000 188465.000000
174 103.000000 171065.000000
175 101.000000 195658.000000
176 80.000000 165716.000000
177 96.000000 166861.000000
178 90.000000 159217.000000
179 96.000000 180511.000000
180 102.000000 183245.000000
181 117.000000 155375.000000
182 106.000000 172460.000000
183 100.000000 179484.000000
184 96.000000 187447.000000
185 88.000000 178435.000000
186 107.000000 165386.000000
187 80.000000 169580.000000
188 103.000000 198485.000000
189 87.000000 181008.000000
190 90.000000 190951.000000
191 86.000000 156518.000000
192 85.000000 181116.000000
193 118.000000 187202.000000
194 94.000000 177272.000000
195 104.000000 184184.000000
196 83.000000 196373.000000
197 106.000000 159393.000000
198 91.000000 176967.000000
199 115.000000 193791.000000
200 101.000000 191972.000000
201 110.000000 164452.000000
202 85.000000 152396.000000
203 110.000000 167767.000000
204 82.000000 195138.000000
205 86.000000 175335.000000
206 113.000000 183800.000000
207 108.000000 150999.000000
208 87.000000 193951.000000
209 111.000000 193010.000000
210 100.000000 159613.000000
211 89.000000 162903.000000
212 97.000000 169658.000000
213 112.000000 157900.000000
214 115.000000 162670.000000
215 85.000000 164577.000000
216 98.000000 180988.000000
217 83.000000 175555.000000
218 104.000000 177047.000000
219 80.000000 161880.000000
220 120.000000 160755.000000
221 93.000000 163774.000000
222 88.000000 197397.000000
223 99.000000 154845.000000
224 94.000000 169606.000000
225 84.000000 173112.000000
226 80.000000 159061.000000
227 82.000000 177863.000000
228 113.000000 167415.000000
229 105.000000 179263.000000
230 86.000000 153554.000000
231 86.000000 176390.000000
232 106.000000 158357.000000
233 118.000000 178523.000000
234 109.000000 163986.000000
235 104.000000 186631.000000
236 115.000000 160539.000000
237 88.000000 173379.000000
238 91.000000 189522.000000
239 105.000000 173665.000000
240 81.000000 174311.000000
241 97.000000 162157.000000
242 102.000000 176407.000000
243 120.000000 160594.000000
244 82.000000 194275.000000
245 91.000000 176866.000000
246 101.000000 163589.000000
247 107.000000 199055.000000
248 105.000000 188507.000000
249 86.000000 152224.000000
250 120.000000 185396.000000
251 115.000000 198636.000000
252 115.000000 176658.000000
253 97.000000 193621.000000
254 120.000000 152476.000000
255 115.000000 194895.000000
256 119.000000 156002.000000
257 111.000000 172972.000000
258 105.000000 184200.000000
259 114.000000 168760.000000
260 100.000000 184375.000000
261 105.000000 164927.000000
262 87.000000 179757.000000
263 92.000000 175611.000000
264 116.000000 192463.000000
265 81.000000 197235.000000
266 84.000000 171408.000000
267 109.000000 168400.000000
268 98.000000 159517.000000
269 106.000000 160062.000000
270 107.000000 179350.000000
271 86.000000 154919.000000
272 111.000000 172449.000000
273 115.000000 189493.000000
274 81.000000 198367.000000
275 101.000000 175231.000000
276 87.000000 192789.000000
277 120.000000 183461.000000
278 93.000000 180313.000000
279 88.000000 188739.000000
280 91.000000 172382.000000
281 118.000000 156419.000000
282 88.000000 186464.000000
283 100.000000 176807.000000
284 118.000000 167979.000000
285 93.000000 151316.000000
286 103.000000 192956.000000
287 86.000000 172083.000000
288 106.000000 155024.000000
289 85.000000 185696.000000
290 105.000000 188786.000000
291 80.000000 180360.000000
292 99.000000 184528.000000
293 101.000000 197274.000000
294 117.000000 196979.000000
295 117.000000 157013.000000
296 120.000000 183437.000000
297 90.000000 198668.000000
298 112.000000 155814.000000
299 111.000000 152617.000000
300 90.000000 163469.000000
301 99.000000 187887.000000
302 98.000000 168843.000000
303 100.000000 180594.000000
304 85.000000 151344.000000
305 95.000000 165462.000000
306 84.000000 172104.000000
307 87.000000 173714.000000
308 81.000000 181741.000000
309 113.000000 161081.000000
310 83.000000 183329.000000
311 117.000000 150066.000000
312 85.000000 174076.000000
313 88.000000 185157.000000
314 87.000000 187506.000000
315 85.000000 184189.000000
316 98.000000 161873.000000
317 98.000000 185299.000000
318 109.000000 158638.000000
319 90.000000 193121.000000
320 83.000000 185714.000000
321 107.000000 163194.000000
322 112.000000 185245.000000
323 116.000000 195287.000000
324 110.000000 174428.000000
325 111.000000 161904.000000
326 117.000000 178698.000000
327 116.000000 162206.000000
328 93.000000 161748.000000
329 120.000000 192633.000000
330 81.000000 177940.000000
331 97.000000 184062.000000
332 116.000000 162780.000000
333 109.000000 186067.000000
334 117.000000 176944.000000
335 106.000000 183324.000000
336 108.000000 186454.000000
337 105.000000 184918.000000
338 111.000000 190218.000000
339 98.000000 155939.000000
340 117.000000 150475.000000
341 114.000000 172911.000000
342 102.000000 196953.000000
343 102.000000 151954.000000
344 109.000000 183636.000000
345 83.000000 153425.000000
346 116.000000 176442.000000
347 110.000000 194477.000000
348 113.000000 167053.000000
349 97.000000 152760.000000
350 85.000000 190491.000000
351 109.000000 157994.000000
352 81.000000 152493.000000
353 83.000000 174664.000000
354 118.000000 158948.000000
355 89.000000 180597.000000
356 80.000000 183652.000000
357 81.000000 166981.000000
358 84.000000 188956.000000
359 87.000000 164562.000000
360 99.000000 168544.000000
361 117.000000 190152.000000
362 105.000000 154888.000000
363 81.000000 176589.000000
364 105.000000 188517.000000
365 86.000000 175540.000000
366 101.000000 197165.000000
367 102.000000 173091.000000
368 116.000000 183058.000000
369 92.000000 155766.000000
370 87.000000 189011.000000
371 93.000000 197023.000000
372 116.000000 164043.000000
373 103.000000 175765.000000
374 110.000000 199266.000000
375 101.000000 169900.000000
376 87.000000 184653.000000
377 88.000000 157070.000000
378 105.000000 156599.000000
379 114.000000 150826.000000
380 120.000000 175502.000000
381 113.000000 179107.000000
382 99.000000 172024.000000
383 82.000000 179879.000000
384 84.000000 185228.000000
385 88.000000 168649.000000
386 99.000000 199446.000000
387 108.000000 164490.000000
388 99.000000 172149.000000
389 80.000000 172933.000000
390 91.000000 176362.000000
391 83.000000 187713.000000
392 115.000000 161624.000000
393 82.000000 181165.000000
394 102.000000 155139.000000
395 118.000000 152503.000000
396 114.000000 154520.000000
397 89.000000 181976.000000
398 102.000000 178590.000000
399 100.000000 179976.000000
400 91.000000 167979.000000
401 96.000000 164941.000000
402 114.000000 150628.000000
403 89.000000 166403.000000
404 109.000000 194783.000000
405 117.000000 164605.000000
406 90.000000 170999.000000
407 112.000000 181968.000000
408 92.000000 194941.000000
409 87.000000 170183.000000
410 94.000000 189832.000000
411 81.000000 188487.000000
412 98.000000 181031.000000
413 103.000000 155950.000000
414 115.000000 151389.000000
415 105.000000 154613.000000
416 105.000000 195967.000000
417 93.000000 172004.000000
418 87.000000 175423.000000
419 102.000000 186925.000000
420 109.000000 183432.000000
421 100.000000 160732.000000
422 101.000000 177951.000000
423 108.000000 192339.000000
424 81.000000 186969.000000
425 106.000000 154655.000000
426 82.000000 189574.000000
427 89.000000 193414.000000
428 120.000000 156974.000000
429 83.000000 168306.000000
430 106.000000 171065.000000
431 112.000000 196624.000000
432 113.000000 162632.000000
433 93.000000 183615.000000
434 108.000000 182054.000000
435 109.000000 181114.000000
436 94.000000 188544.000000
437 115.000000 183411.000000
438 81.000000 176102.000000
439 116.000000 153054.000000
440 98.000000 186553.000000
441 86.000000 194366.000000
442 112.000000 159107.000000
443 114.000000 152768.000000
444 109.000000 168200.000000
445 95.000000 171637.000000
446 88.000000 163825.000000
447 107.000000 180216.000000
448 107.000000 177764.000000
449 81.000000 193091.000000
450 97.000000 190480.000000
451 94.000000 165446.000000
452 86.000000 176040.000000
453 110.000000 176023.000000
454 120.000000 191056.000000
455 98.000000 167121.000000
456 103.000000 164135.000000
457 119.000000 153668.000000
458 85.000000 168504.000000
459 100.000000 185721.000000
460 100.000000 190120.000000
461 81.000000 170825.000000
462 99.000000 193566.000000
463 89.000000 196243.000000
464 90.000000 190549.000000
465 119.000000 186184.000000
466 83.000000 171259.000000
467 86.000000 157230.000000
468 113.000000 184132.000000
469 86.000000 194166.000000
470 103.000000 195564.000000
471 89.000000 188902.000000
472 91.000000 157360.000000
473 119.000000 186155.000000
474 106.000000 165983.000000
475 115.000000 177290.000000
476 114.000000 173805.000000
477 85.000000 185084.000000
478 82.000000 183107.000000
479 119.000000 184483.000000
480 113.000000 157314.000000
481 98.000000 191635.000000
482 93.000000 151877.000000
483 91.000000 185962.000000
484 116.000000 198312.000000
485 87.000000 157256.000000
486 98.000000 189990.000000
487 116.000000 185901.000000
488 101.000000 154017.000000
489 95.000000 195900.000000
490 120.000000 175103.000000
491 114.000000 161753.000000
492 99.000000 183418.000000
493 115.000000 195326.000000
494 83.000000 196571.000000
495 112.000000 170667.000000
496 117.000000 167672.000000
497 119.000000 158741.000000
498 103.000000 172176.000000
499 96.000000 167439.000000